0	40	50	0	0	1	0	3390
1	52	75	10	90	3	311	471	2487	2772	2123	2278
2	45	70	30	90	3	213	373	1208	1478	759	975
3	62	69	10	90	2	1167	1327	3033	3338
4	60	66	10	90	2	1261	1421	49	233
5	42	65	10	90	1	25	185
6	16	42	20	90	3	497	657	1508	1697	2210	2541
7	58	70	20	90	3	1073	1233	1407	1582	2765	3006
8	34	60	20	90	2	2887	3047	826	1035
9	28	70	10	90	3	2601	2761	1538	1851	1059	1224
10	35	66	10	90	1	2791	2951
11	35	69	10	90	3	2698	2858	2412	2666	1935	2139
12	25	85	20	90	1	2119	2279
13	22	75	30	90	2	2405	2565	1006	1227
14	22	85	10	90	3	2026	2186	3123	3330	2336	2490
15	20	80	40	90	2	2216	2376	978	1282
16	20	85	40	90	1	1934	2094
17	18	75	20	90	2	2311	2471	2639	2794
18	15	75	20	90	2	1742	1902	1003	1212
